Route 1 : 1000 29 637 305 657 719 583 258 1010 902 315 588 867 416 151 1029 966 609 382 940 1045 603 521 323 
Route 2 : 927 447 680 473 691 947 226 41 1005 329 227 303 784 1002 10 245 674 295 780 456 106 1023 
Route 3 : 726 606 616 1032 289 160 493 788 449 103 800 281 290 242 638 79 625 844 173 61 144 866 
Route 4 : 138 838 640 737 312 442 959 350 363 880 859 380 404 830 331 733 918 586 
Route 5 : 790 983 276 835 879 920 672 741 322 611 787 745 510 826 941 108 559 743 257 883 
Route 6 : 487 695 876 292 984 508 891 1048 904 300 464 241 711 562 975 8 633 83 602 288 357 319 
Route 7 : 692 339 273 126 368 482 184 564 576 542 332 689 546 653 968 1001 580 465 894 297 
Route 8 : 544 654 156 367 45 853 328 852 772 42 753 1009 721 461 1025 455 1020 478 
Route 9 : 667 655 515 95 107 210 120 225 781 400 185 330 948 246 427 500 415 636 514 747 472 699 
Route 10 : 854 68 313 262 435 165 971 444 917 842 499 256 176 623 513 997 761 610 632 214 
Route 11 : 848 128 929 825 969 579 130 405 420 287 217 431 174 480 750 828 
Route 12 : 697 148 651 365 937 373 206 460 99 641 150 690 915 479 923 1046 909 1031 340 408 981 549 
Route 13 : 66 597 453 234 856 663 484 432 545 407 847 646 318 101 
Route 14 : 213 377 337 111 1021 265 884 426 824 647 1027 62 259 707 135 2 1030 231 392 84 
Route 15 : 122 885 934 629 553 765 755 863 498 446 896 552 999 701 316 39 441 529 665 356 938 385 
Route 16 : 247 53 260 675 645 458 914 962 785 360 821 344 864 90 13 767 
Route 17 : 903 949 216 207 822 490 34 191 1015 342 531 1026 649 996 283 916 970 1040 
Route 18 : 696 152 814 950 180 862 475 998 728 565 19 612 694 142 
Route 19 : 992 462 249 875 203 439 946 293 251 302 18 282 321 670 238 926 539 664 
Route 20 : 703 140 979 296 113 364 71 298 807 179 492 393 591 338 1007 895 
Route 21 : 890 448 573 222 134 791 813 627 31 158 503 604 942 200 354 383 
Route 22 : 881 899 229 294 419 954 523 912 806 722 1022 874 789 594 6 266 233 421 1019 730 
Route 23 : 650 230 752 91 936 774 642 624 271 660 221 952 314 317 291 823 270 845 
Route 24 : 673 394 86 731 1013 758 386 254 829 307 666 157 801 30 27 990 832 796 
Route 25 : 212 361 58 409 248 488 740 275 491 556 715 197 69 143 428 985 63 1003 51 729 
Route 26 : 77 700 817 540 70 686 965 114 921 935 955 505 658 1014 987 572 320 105 541 877 
Route 27 : 139 477 64 154 600 187 49 892 778 149 766 668 153 871 661 311 989 601 
Route 28 : 74 459 799 897 744 581 783 236 705 5 261 466 346 834 671 445 1044 626 
Route 29 : 141 960 1043 46 953 268 326 974 598 36 378 414 20 809 
Route 30 : 932 820 804 964 335 748 563 685 723 792 15 888 423 384 253 898 687 1041 
Route 31 : 708 136 808 263 243 418 958 375 886 574 982 961 121 333 688 284 693 349 
Route 32 : 26 117 944 841 199 379 220 167 518 59 390 759 205 430 171 481 769 88 264 532 
Route 33 : 299 873 905 901 395 779 412 182 770 621 537 634 82 569 
Route 34 : 746 345 401 495 341 52 48 882 424 525 325 336 945 836 92 452 
Route 35 : 28 306 763 644 631 548 776 972 526 578 381 951 85 682 272 391 
Route 36 : 656 943 669 533 727 550 78 25 760 228 437 44 933 469 1024 75 118 40 
Route 37 : 819 702 628 502 388 194 507 815 366 137 81 643 362 805 889 277 
Route 38 : 775 704 35 411 607 630 811 132 618 522 900 371 239 751 1018 527 278 530 
Route 39 : 14 617 38 846 599 403 98 396 724 33 443 798 240 976 980 516 
Route 40 : 433 963 595 683 930 309 189 429 857 795 162 1 398 147 993 519 
Route 41 : 155 410 402 786 534 279 577 483 1017 387 252 855 614 865 
Route 42 : 911 849 536 910 304 557 803 764 736 438 219 347 215 196 939 186 639 560 782 794 
Route 43 : 967 1028 555 872 732 714 906 922 734 509 343 43 554 678 861 716 570 810 
Route 44 : 893 738 80 50 208 327 178 520 224 32 768 285 177 1038 16 1008 3 860 1016 762 
Route 45 : 89 209 679 988 575 454 797 538 756 100 351 406 286 648 168 195 506 1012 422 255 
Route 46 : 928 1033 198 725 269 924 1037 116 773 497 524 397 868 839 676 592 568 561 112 244 
Route 47 : 802 558 818 605 973 218 202 47 1039 159 827 56 129 87 831 267 
Route 48 : 489 858 593 190 717 843 504 742 681 566 571 468 659 698 739 23 274 919 
Route 49 : 235 73 677 977 476 425 57 878 24 183 925 97 851 192 474 840 1047 619 1006 369 
Route 50 : 710 96 908 457 161 757 440 389 102 413 907 12 451 567 837 436 850 237 
Route 51 : 110 620 652 434 793 193 37 720 232 17 535 978 359 467 55 348 584 172 
Route 52 : 718 517 816 754 608 956 9 585 543 145 596 777 22 551 166 547 528 1035 
Route 53 : 308 582 496 1042 324 211 11 352 470 353 175 7 450 501 
Route 54 : 21 986 250 188 713 109 512 4 125 119 104 1036 887 301 1004 370 
Route 55 : 201 463 372 54 590 991 169 94 812 870 170 399 67 869 735 163 613 589 
Route 56 : 486 706 931 417 684 115 587 181 471 494 376 131 76 709 
Route 57 : 712 223 123 995 622 133 127 994 93 60 204 355 833 771 72 957 65 485 
Route 58 : 358 511 164 374 334 280 124 749 146 913 615 635 1011 310 1034 662 
