Route 1 : 850 220 454 73 852 594 371 793 639 809 550 459 451 513 871 308 769 500 75 428 153 314 812 693 92 373 409 987 795 275 32 586 885 79 102 151 928 761 742 853 206 797 365 136 233 363 94 31 720 223 234 340 622 990 534 952 119 637 148 496 642 749 751 74 78 396 178 444 862 311 3 299 683 723 712 535 888 6 1007 58 881 105 537 430 
Route 2 : 350 805 782 59 816 368 536 22 295 970 765 12 1005 953 654 709 991 84 238 666 236 16 932 966 180 306 283 385 711 851 960 609 310 985 253 146 905 663 701 619 499 781 706 613 628 696 842 591 480 70 868 485 52 407 922 173 17 504 460 918 634 796 518 470 326 656 774 967 497 418 545 240 267 166 962 746 789 891 48 995 312 743 158 243 860 273 
Route 3 : 316 72 364 880 917 849 203 653 386 284 235 703 522 435 569 489 354 155 150 530 561 280 815 879 54 244 132 323 484 494 890 976 766 843 176 249 785 533 286 307 929 462 772 940 509 403 744 404 254 508 242 420 511 101 884 379 998 745 99 109 260 322 380 1002 945 730 733 926 589 467 157 370 690 969 97 35 287 229 568 779 597 870 230 658 410 519 
Route 4 : 951 490 279 76 469 37 899 754 640 778 257 395 108 120 674 345 866 602 387 327 996 811 49 142 433 133 925 30 62 466 588 293 43 611 239 375 174 748 931 629 182 909 362 938 225 471 317 626 498 71 869 45 1001 883 232 955 398 292 266 933 855 804 277 222 734 767 671 702 978 919 125 130 304 118 394 859 343 53 126 506 294 625 689 57 911 581 411 710 
Route 5 : 493 436 269 977 170 183 198 346 517 163 271 391 172 936 301 221 957 288 865 110 282 578 641 836 927 747 621 388 24 85 419 615 38 413 382 657 827 135 902 226 864 122 958 121 483 96 211 722 200 560 296 90 895 757 974 882 46 359 23 156 614 577 66 207 716 520 87 144 171 202 787 801 1006 290 848 950 
Route 6 : 898 116 921 704 739 825 908 11 1004 25 792 256 571 412 820 847 673 538 776 274 488 708 450 319 357 783 630 717 877 770 829 794 68 834 342 424 443 15 217 800 531 55 298 81 425 64 91 574 2 612 40 188 676 26 894 856 923 903 297 14 948 659 661 724 416 636 245 878 900 361 965 515 844 478 1008 620 63 98 838 65 441 886 344 651 652 580 
Route 7 : 547 421 89 662 36 946 806 39 983 397 649 705 7 337 405 456 889 686 1000 563 736 910 318 668 740 476 20 556 160 867 835 610 417 208 209 941 194 646 106 161 587 698 492 482 278 187 210 660 510 638 875 627 321 799 920 823 448 134 103 401 186 980 399 741 607 544 780 115 572 858 596 464 196 333 822 566 655 272 735 728 93 907 997 214 874 714 759 954 964 154 
Route 8 : 191 145 113 986 80 41 432 67 449 491 446 325 672 831 601 784 473 309 648 339 738 29 77 437 523 546 408 367 152 167 442 685 528 216 605 943 947 814 143 360 579 756 237 595 963 647 721 44 527 906 10 845 857 463 140 8 606 406 42 414 775 190 679 576 50 839 390 896 452 557 593 302 981 505 305 147 400 1003 944 95 
Route 9 : 139 313 251 250 872 481 846 677 351 564 968 760 61 162 33 988 197 276 358 334 573 551 18 543 439 817 341 972 263 840 904 112 164 128 592 982 352 863 755 434 688 680 700 159 791 123 956 600 715 552 559 669 643 684 773 268 623 289 582 356 248 259 961 604 69 937 942 369 675 949 127 873 999 555 819 247 935 195 682 472 270 285 821 691 86 897 431 854 750 539 
Route 10 : 802 349 548 807 984 583 255 393 678 124 168 111 377 833 192 832 616 246 228 813 731 914 599 924 892 458 264 549 633 788 635 231 771 732 175 575 315 131 752 389 1 218 758 562 445 729 440 687 129 810 88 876 699 790 992 384 861 516 47 291 916 514 618 21 979 56 495 212 764 501 768 762 149 355 213 60 959 392 453 372 281 438 465 665 177 667 426 329 973 887 
Route 11 : 503 818 381 193 204 934 826 644 915 786 258 777 558 141 828 718 598 429 185 632 457 215 631 378 502 328 117 939 104 737 51 697 521 455 83 475 423 608 376 526 114 824 971 901 570 107 913 224 486 477 331 541 383 763 422 753 540 427 525 670 524 841 461 169 617 138 366 300 565 645 650 447 324 590 695 830 603 165 348 507 692 27 100 402 137 415 
Route 12 : 993 624 803 512 798 893 719 837 554 219 201 332 4 694 347 262 726 584 28 353 82 975 227 261 479 567 532 468 13 681 199 181 34 5 335 989 707 9 664 205 189 725 374 265 713 808 529 727 320 487 303 930 330 585 474 241 338 179 994 542 252 19 336 553 912 184 
